31.25 6.40797 8.5 0.115482 1
29.25 7.25268 8.8 0.005247 1
29.25 7.12503 9 0.036954 1
29.0625 7.18194 9 1.24186 1
31.3125 6.02327 8.3 0.962569 1
31.25 6.15757 8.3 0.966805 1
31.0625 6.08701 8.3 0.979567 1
30.9375 6.77287 8.3 0.98812 1
27.65 8.65 8.00 0.34 0
26.54 8.70 8.54 0.36 0
28.24 8.68 8.04 0.63 0
28.34 8.98 8.34 0.53 0
27.45 8.67 8.05 0.56 0
26.98 9.35 7.88 0.88 0
27.23 9.23 7.90 0.75 0
27.45 9.03 8.03 0.34 0
28.00 8.52 8.54 0.45 0
28.34 8.89 8.23 0.23 0
27.78 8.87 8.07 0.27 0
27.73 8.82 8.29 0.92 0
27.39 8.95 7.99 0.37 0
27.75 8.87 7.93 0.56 0
27.34 5.79 8.43 0.67 0
28.43 5.86 8.34 0.56 0
28.45 5.83 8.39 0.73 0
27.06 5.93 7.90 0.90 0
28.34 7.03 7.45 0.00 0
30.5 6.07562 8.3 0.61346 1
30.3125 5.94815 8.3 1.12429 1
32.1875 7.7034 8.3 2.53973 0
29.625 6.71073 8.3 2.65336 0
29.8125 7.87851 9.1 0.038173 1
29.8125 7.8603 8 0.088419 1
29.875 7.8603 9.4 0.514902 1
29.875 7.90127 5.5 0.947818 0
28 6.85183 8.5 0.002956 1
28.5 6.88441 8.5 0.504504 1
27.8125 6.47171 7.6 0.003805 0
27.1875 6.43301 7.6 0.003154 0
26.9375 6.4922 8.4 0.00289 1
26.875 6.74302 8.8 0.545864 1
26.9375 6.48124 8.8 0.802714 1
24.9375 6.47399 8.7 0.170509 1
28.5 8.90153 8.6 0.027617 0
28.875 7.16187 8.5 0.371687 1
28.875 7.09814 8.8 0.684428 1
28.25 6.81292 9.1 0.028009 1
27.625 3.6991 8.8 0.029005 0
27.5625 3.6991 8.6 0.061758 0
28.3125 3.05944 8.5 0.375943 0
28.3125 5.44962 8.9 0.562849 1
28.25 5.64767 8.6 0.692572 1
27.75 7.69682 8.5 0.061348 1
28.125 7.88871 8.7 0.409711 1
26.1875 5.46556 8.5 0.586898 1
27.8125 6.48967 8.9 0.756895 1
28.0625 7.9479 8.6 0.69505 1
28.0625 6.76351 8.8 0.785676 1
28.0625 7.70888 8.9 0.947507 1
28.0625 2.17165 8.9 0.915141 0
27.625 5.6249 8.5 -0.003611 0
27.9375 5.61807 8.5 0.060942 1
27.9375 5.66588 8.5 0.158253 1
24.125 6.25773 8.5 0.0253 1
27.375 8.84774 8.6 0.605996 0
24.75 6.84476 8.8 0.033885 1
27.0625 6.74542 8.6 0.194636 1
27.1875 6.20458 8.7 0.35184 1
27.1875 6.77153 8.9 0.509615 1
27.25 6.79955 8.7 0.70598 1
27.25 6.54482 8.9 0.863579 1
27.25 7.5168 8.9 0.896413 1
27.25 7.39962 8.7 0.962079 1
27.25 6.29263 8.7 0.863579 1
27.25 6.2697 8.5 0.863579 1
27.25 6.91817 8.5 0.797913 1
26.125 6.5168 8.5 0.755147 1
27 7.17624 8.6 0.709406 1
27.1875 7.34103 8.8 0.706833 1
27.125 7.34103 8.8 0.707689 1
27.1875 6.30536 8.5 0.739703 1
27.1875 6.92071 8.7 0.765999 1
26.75 6.67362 8.7 0.745991 1
26.4375 6.74319 8.9 0.717229 1
25.625 6.67043 8.8 0.032345 1
26.5625 6.64862 8.9 0.03075 1
26.875 6.60022 8.7 0.195497 1
27 6.25553 8.6 0.353225 1
27 6.78172 8.5 0.511528 1
27 6.90145 8.8 0.643447 1
27 6.20458 8.9 0.76877 1
27 6.17911 8.9 0.76877 1
27 5.4055 8.6 0.742386 1
27 5.84875 8.9 0.643447 1
27 6.12641 8.6 0.544507 1
27.34 6.78 7.37 0.30 0
27 6.23595 8.6 0.511528 1
26.75 6.58748 8.6 0.355086 1
24.375 6.66136 8.6 0.03456 1
24.375 6.79382 8.9 0.13836 1
24.3125 6.71485 8.6 0.235589 1
26.125 6.69192 8.7 0.031488 1
30.00 6.76 7.34 0.23 0
26.1875 6.11112 8.6 0.098311 1
28.4375 7.51727 8.5 0.05987 1
28.00 6.76 7.34 0.23 0
28.4375 7.19375 8.9 0.027714 1
27.65 7.34 7.46 0.03 0
28.47 6.45 7.66 0.06 0
27.34 6.78 7.37 0.32 0

