1 2 6.407973
2 3 7.252677
3 4 7.12503
4 5 7.181939
5 1 6.023268
6 2 6.157573
7 3 6.087006
8 4 6.772867
9 5 6.075624
10 1 5.948147
11 2 7.703397
12 3 6.710731
13 4 7.878507
14 5 7.860296
15 1 7.860296
16 2 7.901271
17 3 6.851833
18 4 6.884409
19 5 6.471712
20 1 6.433014
21 2 6.492199
22 3 6.743022
23 4 6.48124
24 5 6.473989
25 1 8.901533
26 2 7.161874
27 3 7.098136
28 4 6.812915
29 5 3.699097
30 1 3.699097
31 2 3.059438
32 3 5.449623
33 4 5.647667
34 5 7.69682
35 1 7.88871
36 2 5.465558
37 3 6.489671
38 4 7.947896
39 5 6.76351
40 1 7.708877
41 2 2.171654
42 3 5.624904
43 4 5.618074
44 5 5.665878
45 1 6.257733
46 2 8.847735
47 3 6.844765
48 4 6.745418
49 5 6.204583
50 1 6.771531
51 2 6.799552
52 3 6.544816
53 4 7.516795
54 5 7.399616
55 1 6.292627
56 2 6.269701
57 3 6.918165
58 4 6.516795
59 5 7.176242
60 1 7.341027
61 2 7.341027
62 3 6.305364
63 4 6.920712
64 5 6.673618
65 1 6.743191
66 2 6.670431
67 3 6.648618
68 4 6.600218
69 5 6.25553
70 1 6.781721
71 2 6.901447
72 3 6.204583
73 4 6.179109
74 5 5.405505
75 1 5.848746
76 2 6.126409
77 3 6.235945
78 4 6.587482
79 5 6.661355
80 1 6.793818
81 2 6.71485
82 3 6.691923
83 4 6.111124
84 5 7.517269
